1440574634667, 74, 1, 26-Aug-2015-10-37
1440574694667, 76, 0, 26-Aug-2015-10-38
1440574754667, 80, 0, 26-Aug-2015-10-39
1440574814667, 81, 0, 26-Aug-2015-10-40
1440574874668, 80, 0, 26-Aug-2015-10-41
1440574934668, 76, 0, 26-Aug-2015-10-42
1440574994669, 74, 1, 26-Aug-2015-10-43
1440575054669, 77, 0, 26-Aug-2015-10-44
1440575114670, 81, 2, 26-Aug-2015-10-45
1440575174671, 85, 6, 26-Aug-2015-10-46
1440575234671, 83, 0, 26-Aug-2015-10-47
1440575294671, 85, 0, 26-Aug-2015-10-48
1440575354672, 85, 1, 26-Aug-2015-10-49
1440575414672, 84, 2, 26-Aug-2015-10-50
1440575474673, 82, 0, 26-Aug-2015-10-51
1440575534674, 85, 0, 26-Aug-2015-10-52
1440575594674, 88, 0, 26-Aug-2015-10-53
1440575654675, 87, 0, 26-Aug-2015-10-54
1440575714675, 86, 0, 26-Aug-2015-10-55
1440575774676, 82, 0, 26-Aug-2015-10-56
1440575834676, 85, 2, 26-Aug-2015-10-57
1440575894676, 79, 0, 26-Aug-2015-10-58
1440575954677, 81, 0, 26-Aug-2015-10-59
1440576014677, 81, 0, 26-Aug-2015-11-00
1440576074678, 81, 1, 26-Aug-2015-11-01
1440576134678, 84, 2, 26-Aug-2015-11-02
1440576194679, 92, 0, 26-Aug-2015-11-03
1440576254679, 96, 0, 26-Aug-2015-11-04
1440576314679, 96, 1, 26-Aug-2015-11-05
1440576374679, 91, 1, 26-Aug-2015-11-06
1440576434680, 93, 1, 26-Aug-2015-11-07
1440576494680, 90, 0, 26-Aug-2015-11-08
1440576554681, 89, 0, 26-Aug-2015-11-09
1440576614681, 88, 4, 26-Aug-2015-11-10
1440576674682, 88, 0, 26-Aug-2015-11-11
1440576734682, 89, 0, 26-Aug-2015-11-12
1440576794682, 94, 2, 26-Aug-2015-11-13
1440576854683, 89, 1, 26-Aug-2015-11-14
1440576914683, 84, 1, 26-Aug-2015-11-15
1440576974684, 84, 4, 26-Aug-2015-11-16
1440577034684, 89, 2, 26-Aug-2015-11-17
1440577094685, 82, 0, 26-Aug-2015-11-18
1440577154685, 86, 1, 26-Aug-2015-11-19
1440577214685, 87, 1, 26-Aug-2015-11-20
1440577274685, 85, 0, 26-Aug-2015-11-21
1440577334685, 85, 0, 26-Aug-2015-11-22
1440577394686, 88, 1, 26-Aug-2015-11-23
1440577454686, 88, 0, 26-Aug-2015-11-24
1440577514687, 90, 1, 26-Aug-2015-11-25
1440577574687, 89, 0, 26-Aug-2015-11-26
1440577634688, 86, 0, 26-Aug-2015-11-27
1440577694688, 86, 2, 26-Aug-2015-11-28
1440577754688, 87, 0, 26-Aug-2015-11-29
1440577814689, 89, 1, 26-Aug-2015-11-30
1440577874689, 90, 3, 26-Aug-2015-11-31
1440577934690, 88, 0, 26-Aug-2015-11-32
1440577994690, 87, 1, 26-Aug-2015-11-33
1440578054691, 86, 0, 26-Aug-2015-11-34
1440578114691, 88, 0, 26-Aug-2015-11-35
1440578174691, 88, 0, 26-Aug-2015-11-36
1440578234692, 87, 0, 26-Aug-2015-11-37
1440578294692, 86, 0, 26-Aug-2015-11-38
1440578354693, 89, 1, 26-Aug-2015-11-39
1440578414693, 86, 1, 26-Aug-2015-11-40
1440578474694, 85, 0, 26-Aug-2015-11-41
1440578534694, 80, 1, 26-Aug-2015-11-42
1440578594694, 81, 1, 26-Aug-2015-11-43
1440578654695, 85, 1, 26-Aug-2015-11-44
1440578714695, 86, 2, 26-Aug-2015-11-45
1440578774696, 86, 1, 26-Aug-2015-11-46
1440578834696, 88, 0, 26-Aug-2015-11-47
1440578894697, 82, 1, 26-Aug-2015-11-48
1440578954697, 81, 0, 26-Aug-2015-11-49
1440579014697, 83, 3, 26-Aug-2015-11-50
1440579074698, 82, 4, 26-Aug-2015-11-51
1440579134698, 83, 1, 26-Aug-2015-11-52
1440579194699, 80, 0, 26-Aug-2015-11-53
1440579254699, 80, 1, 26-Aug-2015-11-54
1440579314700, 83, 0, 26-Aug-2015-11-55
1440579374700, 82, 1, 26-Aug-2015-11-56
1440579434700, 84, 2, 26-Aug-2015-11-57
1440579494701, 78, 0, 26-Aug-2015-11-58
1440579554701, 78, 0, 26-Aug-2015-11-59
1440579614702, 80, 0, 26-Aug-2015-12-00
1440579674702, 80, 6, 26-Aug-2015-12-01
1440579734703, 77, 3, 26-Aug-2015-12-02
1440579794703, 78, 0, 26-Aug-2015-12-03
1440579854703, 80, 0, 26-Aug-2015-12-04
1440579914703, 78, 1, 26-Aug-2015-12-05
1440579974703, 73, 0, 26-Aug-2015-12-06
1440580034704, 70, 0, 26-Aug-2015-12-07
1440580094704, 73, 1, 26-Aug-2015-12-08
1440580154705, 73, 1, 26-Aug-2015-12-09
1440580214705, 69, 2, 26-Aug-2015-12-10
1440580274706, 72, 2, 26-Aug-2015-12-11
1440580334706, 76, 0, 26-Aug-2015-12-12
1440580394706, 76, 1, 26-Aug-2015-12-13
1440580454707, 68, 0, 26-Aug-2015-12-14
1440580514707, 66, 0, 26-Aug-2015-12-15
1440580574708, 69, 3, 26-Aug-2015-12-16
1440580634708, 65, 1, 26-Aug-2015-12-17
1440580694709, 63, 0, 26-Aug-2015-12-18
1440580754709, 65, 0, 26-Aug-2015-12-19
1440580814709, 63, 0, 26-Aug-2015-12-20
1440580874710, 64, 1, 26-Aug-2015-12-21
1440580934710, 65, 0, 26-Aug-2015-12-22
1440580994711, 65, 0, 26-Aug-2015-12-23
1440581054711, 67, 2, 26-Aug-2015-12-24
1440581114712, 72, 0, 26-Aug-2015-12-25
1440581174712, 80, 2, 26-Aug-2015-12-26
1440581234712, 74, 0, 26-Aug-2015-12-27
1440581294713, 80, 1, 26-Aug-2015-12-28
1440581354713, 85, 0, 26-Aug-2015-12-29
1440581414714, 85, 1, 26-Aug-2015-12-30
1440581474714, 88, 2, 26-Aug-2015-12-31
1440581534715, 89, 1, 26-Aug-2015-12-32
1440581594715, 91, 2, 26-Aug-2015-12-33
1440581654715, 91, 0, 26-Aug-2015-12-34
1440581714716, 94, 1, 26-Aug-2015-12-35
1440581774716, 95, 1, 26-Aug-2015-12-36
1440581834717, 95, 1, 26-Aug-2015-12-37
1440581894717, 98, 1, 26-Aug-2015-12-38
1440581954718, 96, 1, 26-Aug-2015-12-39
1440582014718, 97, 0, 26-Aug-2015-12-40
1440582074718, 94, 1, 26-Aug-2015-12-41
1440582134719, 93, 2, 26-Aug-2015-12-42
1440582194719, 93, 0, 26-Aug-2015-12-43
1440582254720, 92, 0, 26-Aug-2015-12-44
1440582314720, 97, 2, 26-Aug-2015-12-45
1440582374721, 94, 2, 26-Aug-2015-12-46
1440582434721, 97, 1, 26-Aug-2015-12-47
1440582494721, 96, 1, 26-Aug-2015-12-48
1440582554721, 99, 0, 26-Aug-2015-12-49
1440582614721, 100, 1, 26-Aug-2015-12-50
1440582674722, 101, 3, 26-Aug-2015-12-51
1440582734722, 101, 0, 26-Aug-2015-12-52
1440582794723, 100, 0, 26-Aug-2015-12-53
1440582854723, 98, 0, 26-Aug-2015-12-54
1440582914724, 98, 1, 26-Aug-2015-12-55
1440582974724, 102, 2, 26-Aug-2015-12-56
1440583034724, 99, 0, 26-Aug-2015-12-57
1440583094725, 98, 0, 26-Aug-2015-12-58
1440583154725, 102, 0, 26-Aug-2015-12-59
1440583214726, 101, 2, 26-Aug-2015-13-00
1440583274726, 102, 2, 26-Aug-2015-13-01
1440583334727, 95, 0, 26-Aug-2015-13-02
1440583394727, 91, 0, 26-Aug-2015-13-03
1440583454727, 93, 1, 26-Aug-2015-13-04
1440583514728, 93, 1, 26-Aug-2015-13-05
1440583574728, 98, 1, 26-Aug-2015-13-06
1440583634729, 101, 0, 26-Aug-2015-13-07
1440583694729, 102, 2, 26-Aug-2015-13-08
1440583754730, 98, 0, 26-Aug-2015-13-09
1440583814730, 95, 3, 26-Aug-2015-13-10
1440583874730, 90, 2, 26-Aug-2015-13-11
1440583934731, 97, 0, 26-Aug-2015-13-12
1440583994731, 97, 1, 26-Aug-2015-13-13
1440584054732, 93, 0, 26-Aug-2015-13-14
1440584114732, 91, 1, 26-Aug-2015-13-15
1440584174733, 87, 3, 26-Aug-2015-13-16
1440584234733, 86, 3, 26-Aug-2015-13-17
1440584294733, 88, 1, 26-Aug-2015-13-18
1440584354734, 89, 0, 26-Aug-2015-13-19
1440584414734, 92, 0, 26-Aug-2015-13-20
1440584474735, 91, 0, 26-Aug-2015-13-21
1440584534735, 89, 0, 26-Aug-2015-13-22
1440584594736, 91, 1, 26-Aug-2015-13-23
1440584654736, 90, 1, 26-Aug-2015-13-24
1440584714736, 92, 1, 26-Aug-2015-13-25
1440584774737, 92, 1, 26-Aug-2015-13-26
1440584834737, 88, 1, 26-Aug-2015-13-27
1440584894738, 88, 0, 26-Aug-2015-13-28
1440584954738, 89, 0, 26-Aug-2015-13-29
1440585014739, 88, 3, 26-Aug-2015-13-30
1440585074739, 97, 2, 26-Aug-2015-13-31
1440585134739, 100, 1, 26-Aug-2015-13-32
1440585194739, 100, 1, 26-Aug-2015-13-33
1440585254739, 99, 1, 26-Aug-2015-13-34
1440585314740, 102, 0, 26-Aug-2015-13-35
1440585374740, 98, 0, 26-Aug-2015-13-36
1440585434741, 95, 0, 26-Aug-2015-13-37
1440585494741, 96, 0, 26-Aug-2015-13-38
1440585554742, 96, 1, 26-Aug-2015-13-39
1440585614742, 96, 2, 26-Aug-2015-13-40
1440585674742, 100, 2, 26-Aug-2015-13-41
1440585734743, 95, 0, 26-Aug-2015-13-42
1440585794743, 95, 0, 26-Aug-2015-13-43
1440585854744, 92, 0, 26-Aug-2015-13-44
1440585914744, 90, 2, 26-Aug-2015-13-45
1440585974745, 89, 1, 26-Aug-2015-13-46
1440586034745, 87, 0, 26-Aug-2015-13-47
1440586094745, 87, 1, 26-Aug-2015-13-48
1440586154746, 86, 0, 26-Aug-2015-13-49
1440586214746, 86, 2, 26-Aug-2015-13-50
1440586274747, 86, 3, 26-Aug-2015-13-51
1440586334747, 83, 0, 26-Aug-2015-13-52
1440586394748, 86, 0, 26-Aug-2015-13-53
1440586454748, 84, 1, 26-Aug-2015-13-54
1440586514748, 85, 1, 26-Aug-2015-13-55
1440586574749, 87, 0, 26-Aug-2015-13-56
1440586634749, 88, 0, 26-Aug-2015-13-57
1440586694750, 90, 0, 26-Aug-2015-13-58
1440586754750, 89, 0, 26-Aug-2015-13-59
1440586814751, 92, 1, 26-Aug-2015-14-00
1440586874751, 92, 1, 26-Aug-2015-14-01
1440586934751, 89, 2, 26-Aug-2015-14-02
1440586994752, 90, 0, 26-Aug-2015-14-03
1440587054752, 91, 2, 26-Aug-2015-14-04
1440587114753, 96, 2, 26-Aug-2015-14-05
1440587174753, 92, 1, 26-Aug-2015-14-06
1440587234754, 93, 1, 26-Aug-2015-14-07
1440587294754, 93, 0, 26-Aug-2015-14-08
1440587354754, 97, 1, 26-Aug-2015-14-09
1440587414755, 99, 1, 26-Aug-2015-14-10
1440587474755, 96, 2, 26-Aug-2015-14-11
1440587534756, 92, 4, 26-Aug-2015-14-12
1440587594756, 94, 2, 26-Aug-2015-14-13
1440587654757, 96, 0, 26-Aug-2015-14-14
1440587714757, 94, 4, 26-Aug-2015-14-15
1440587774757, 93, 1, 26-Aug-2015-14-16
1440587834757, 100, 0, 26-Aug-2015-14-17
1440587894757, 99, 0, 26-Aug-2015-14-18
1440587954758, 96, 1, 26-Aug-2015-14-19
1440588014758, 101, 1, 26-Aug-2015-14-20
1440588074759, 105, 2, 26-Aug-2015-14-21
1440588134760, 109, 0, 26-Aug-2015-14-22
1440588194761, 113, 0, 26-Aug-2015-14-23
1440588254761, 110, 1, 26-Aug-2015-14-24
1440588314761, 109, 1, 26-Aug-2015-14-25
1440588374762, 111, 0, 26-Aug-2015-14-26
1440588434762, 106, 2, 26-Aug-2015-14-27
1440588494763, 101, 0, 26-Aug-2015-14-28
1440588554763, 103, 0, 26-Aug-2015-14-29
1440588614764, 97, 2, 26-Aug-2015-14-30
1440588674764, 94, 1, 26-Aug-2015-14-31
1440588734764, 89, 0, 26-Aug-2015-14-32
1440588794765, 90, 1, 26-Aug-2015-14-33
1440588854765, 91, 0, 26-Aug-2015-14-34
1440588914766, 88, 2, 26-Aug-2015-14-35
1440588974766, 91, 1, 26-Aug-2015-14-36
1440589034767, 88, 0, 26-Aug-2015-14-37
1440589094767, 90, 0, 26-Aug-2015-14-38
1440589154767, 90, 1, 26-Aug-2015-14-39
1440589214768, 87, 1, 26-Aug-2015-14-40
1440589274768, 81, 3, 26-Aug-2015-14-41
1440589334769, 88, 0, 26-Aug-2015-14-42
1440589394769, 88, 1, 26-Aug-2015-14-43
1440589454770, 85, 0, 26-Aug-2015-14-44
1440589514770, 91, 2, 26-Aug-2015-14-45
1440589574770, 95, 2, 26-Aug-2015-14-46
1440589634771, 94, 1, 26-Aug-2015-14-47
1440589694771, 91, 1, 26-Aug-2015-14-48
1440589754772, 95, 1, 26-Aug-2015-14-49
1440589814772, 96, 1, 26-Aug-2015-14-50
1440589874773, 99, 1, 26-Aug-2015-14-51
1440589934773, 104, 1, 26-Aug-2015-14-52
1440589994773, 99, 1, 26-Aug-2015-14-53
1440590054774, 107, 3, 26-Aug-2015-14-54
1440590114774, 106, 1, 26-Aug-2015-14-55
1440590174775, 107, 0, 26-Aug-2015-14-56
1440590234775, 107, 0, 26-Aug-2015-14-57
1440590294776, 104, 0, 26-Aug-2015-14-58
1440590354776, 106, 1, 26-Aug-2015-14-59
1440590414776, 107, 1, 26-Aug-2015-15-00
1440590474777, 105, 4, 26-Aug-2015-15-01
1440590534777, 105, 3, 26-Aug-2015-15-02
1440590594778, 105, 1, 26-Aug-2015-15-03
1440590654778, 100, 0, 26-Aug-2015-15-04
1440590714779, 101, 3, 26-Aug-2015-15-05
1440590774779, 102, 1, 26-Aug-2015-15-06
1440590834780, 98, 0, 26-Aug-2015-15-07
1440590894780, 94, 1, 26-Aug-2015-15-08
1440590954780, 97, 0, 26-Aug-2015-15-09
1440591014781, 99, 1, 26-Aug-2015-15-10
1440591074781, 100, 2, 26-Aug-2015-15-11
1440591134782, 102, 2, 26-Aug-2015-15-12
1440591194782, 98, 2, 26-Aug-2015-15-13
1440591254783, 97, 2, 26-Aug-2015-15-14
1440591314783, 94, 2, 26-Aug-2015-15-15
1440591374783, 95, 0, 26-Aug-2015-15-16
1440591434784, 92, 1, 26-Aug-2015-15-17
1440591494784, 92, 1, 26-Aug-2015-15-18
1440591554785, 98, 1, 26-Aug-2015-15-19
1440591614785, 92, 0, 26-Aug-2015-15-20
1440591674786, 90, 3, 26-Aug-2015-15-21
1440591734786, 90, 2, 26-Aug-2015-15-22
1440591794786, 91, 0, 26-Aug-2015-15-23
1440591854787, 87, 0, 26-Aug-2015-15-24
1440591914787, 90, 2, 26-Aug-2015-15-25
1440591974788, 89, 1, 26-Aug-2015-15-26
1440592034788, 87, 0, 26-Aug-2015-15-27
1440592094789, 92, 1, 26-Aug-2015-15-28
1440592154789, 93, 0, 26-Aug-2015-15-29
1440592214789, 98, 0, 26-Aug-2015-15-30
1440592274790, 107, 3, 26-Aug-2015-15-31
1440592334790, 103, 0, 26-Aug-2015-15-32
1440592394791, 96, 0, 26-Aug-2015-15-33
1440592454792, 97, 1, 26-Aug-2015-15-34
1440592514793, 100, 1, 26-Aug-2015-15-35
1440592574793, 103, 2, 26-Aug-2015-15-36
1440592634793, 99, 1, 26-Aug-2015-15-37
1440592694794, 105, 0, 26-Aug-2015-15-38
1440592754794, 105, 0, 26-Aug-2015-15-39
1440592814795, 104, 1, 26-Aug-2015-15-40
1440592874795, 103, 4, 26-Aug-2015-15-41
1440592934796, 98, 0, 26-Aug-2015-15-42
1440592994796, 100, 0, 26-Aug-2015-15-43
1440593054796, 102, 1, 26-Aug-2015-15-44
1440593114796, 102, 0, 26-Aug-2015-15-45
1440593174796, 102, 3, 26-Aug-2015-15-46
1440593234797, 102, 1, 26-Aug-2015-15-47
1440593294797, 101, 1, 26-Aug-2015-15-48
1440593354798, 98, 0, 26-Aug-2015-15-49
1440593414798, 99, 1, 26-Aug-2015-15-50
1440593474799, 100, 0, 26-Aug-2015-15-51
1440593534799, 102, 0, 26-Aug-2015-15-52
1440593594799, 105, 1, 26-Aug-2015-15-53
1440593654800, 107, 1, 26-Aug-2015-15-54
1440593714800, 104, 2, 26-Aug-2015-15-55
1440593774801, 107, 0, 26-Aug-2015-15-56
1440593834801, 108, 0, 26-Aug-2015-15-57
1440593894802, 105, 1, 26-Aug-2015-15-58
1440593954802, 105, 1, 26-Aug-2015-15-59
1440594014802, 106, 1, 26-Aug-2015-16-00
1440594074803, 101, 3, 26-Aug-2015-16-01
1440594134803, 104, 3, 26-Aug-2015-16-02
1440594194804, 107, 0, 26-Aug-2015-16-03
1440594254804, 105, 1, 26-Aug-2015-16-04
1440594314805, 104, 1, 26-Aug-2015-16-05
1440594374805, 101, 2, 26-Aug-2015-16-06
1440594434805, 97, 0, 26-Aug-2015-16-07
1440594494806, 94, 0, 26-Aug-2015-16-08
1440594554806, 95, 1, 26-Aug-2015-16-09
1440594614807, 103, 3, 26-Aug-2015-16-10
1440594674807, 108, 4, 26-Aug-2015-16-11
1440594734808, 101, 0, 26-Aug-2015-16-12
1440594794808, 97, 1, 26-Aug-2015-16-13
1440594854808, 97, 0, 26-Aug-2015-16-14
1440594914809, 101, 2, 26-Aug-2015-16-15
1440594974809, 101, 1, 26-Aug-2015-16-16
1440595034810, 102, 1, 26-Aug-2015-16-17
1440595094810, 101, 1, 26-Aug-2015-16-18
1440595154811, 103, 0, 26-Aug-2015-16-19
1440595214811, 107, 1, 26-Aug-2015-16-20
1440595274811, 108, 2, 26-Aug-2015-16-21
1440595334812, 108, 0, 26-Aug-2015-16-22
1440595394812, 108, 1, 26-Aug-2015-16-23
1440595454813, 105, 0, 26-Aug-2015-16-24
1440595514813, 103, 0, 26-Aug-2015-16-25
1440595574814, 106, 1, 26-Aug-2015-16-26
1440595634814, 107, 1, 26-Aug-2015-16-27
1440595694814, 109, 1, 26-Aug-2015-16-28
1440595754814, 107, 1, 26-Aug-2015-16-29
1440595814814, 104, 2, 26-Aug-2015-16-30
1440595874815, 104, 4, 26-Aug-2015-16-31
1440595934815, 105, 0, 26-Aug-2015-16-32
1440595994816, 105, 0, 26-Aug-2015-16-33
1440596054816, 102, 0, 26-Aug-2015-16-34
1440596114817, 97, 1, 26-Aug-2015-16-35
1440596174817, 96, 1, 26-Aug-2015-16-36
1440596234817, 97, 0, 26-Aug-2015-16-37
1440596294818, 98, 1, 26-Aug-2015-16-38
1440596354818, 100, 0, 26-Aug-2015-16-39
1440596414819, 100, 0, 26-Aug-2015-16-40
1440596474819, 101, 2, 26-Aug-2015-16-41
1440596534820, 101, 0, 26-Aug-2015-16-42
1440596594820, 98, 1, 26-Aug-2015-16-43
1440596654820, 96, 1, 26-Aug-2015-16-44
1440596714821, 96, 0, 26-Aug-2015-16-45
1440596774821, 99, 3, 26-Aug-2015-16-46
1440596834822, 104, 1, 26-Aug-2015-16-47
1440596894822, 102, 0, 26-Aug-2015-16-48
1440596954823, 95, 1, 26-Aug-2015-16-49
1440597014823, 94, 0, 26-Aug-2015-16-50
1440597074823, 98, 4, 26-Aug-2015-16-51
1440597134824, 98, 0, 26-Aug-2015-16-52
1440597194824, 100, 0, 26-Aug-2015-16-53
1440597254825, 102, 1, 26-Aug-2015-16-54
1440597314825, 96, 3, 26-Aug-2015-16-55
1440597374826, 91, 1, 26-Aug-2015-16-56
1440597434826, 94, 0, 26-Aug-2015-16-57
1440597494826, 96, 0, 26-Aug-2015-16-58
1440597554827, 97, 1, 26-Aug-2015-16-59
1440597614827, 105, 2, 26-Aug-2015-17-00
1440597674828, 103, 5, 26-Aug-2015-17-01
1440597734828, 99, 1, 26-Aug-2015-17-02
1440597794829, 95, 0, 26-Aug-2015-17-03
1440597854829, 98, 1, 26-Aug-2015-17-04
1440597914829, 97, 0, 26-Aug-2015-17-05
1440597974829, 94, 1, 26-Aug-2015-17-06
1440598034829, 93, 2, 26-Aug-2015-17-07
1440598094830, 90, 1, 26-Aug-2015-17-08
1440598154830, 87, 2, 26-Aug-2015-17-09
1440598214831, 92, 2, 26-Aug-2015-17-10
1440598274831, 94, 3, 26-Aug-2015-17-11
1440598334831, 99, 0, 26-Aug-2015-17-12
1440598394831, 102, 0, 26-Aug-2015-17-13
1440598454831, 102, 0, 26-Aug-2015-17-14
1440598514832, 99, 0, 26-Aug-2015-17-15
1440598574832, 94, 2, 26-Aug-2015-17-16
1440598634833, 95, 0, 26-Aug-2015-17-17
1440598694833, 97, 0, 26-Aug-2015-17-18
1440598754834, 97, 1, 26-Aug-2015-17-19
1440598814834, 100, 1, 26-Aug-2015-17-20
1440598874834, 100, 1, 26-Aug-2015-17-21
1440598934835, 96, 0, 26-Aug-2015-17-22
1440598994835, 94, 0, 26-Aug-2015-17-23
1440599054836, 93, 2, 26-Aug-2015-17-24
1440599114836, 89, 1, 26-Aug-2015-17-25
1440599174837, 91, 2, 26-Aug-2015-17-26
1440599234837, 84, 0, 26-Aug-2015-17-27
1440599294837, 80, 0, 26-Aug-2015-17-28
1440599354838, 82, 1, 26-Aug-2015-17-29
1440599414838, 80, 0, 26-Aug-2015-17-30
1440599474839, 81, 3, 26-Aug-2015-17-31
1440599534839, 88, 1, 26-Aug-2015-17-32
1440599594840, 88, 1, 26-Aug-2015-17-33
1440599654840, 97, 0, 26-Aug-2015-17-34
1440599714840, 95, 0, 26-Aug-2015-17-35
1440599774841, 96, 0, 26-Aug-2015-17-36
1440599834841, 96, 0, 26-Aug-2015-17-37
1440599894842, 96, 2, 26-Aug-2015-17-38
1440599954842, 98, 1, 26-Aug-2015-17-39
1440600014843, 98, 0, 26-Aug-2015-17-40
1440600074843, 98, 3, 26-Aug-2015-17-41
1440600134843, 95, 2, 26-Aug-2015-17-42
1440600194844, 97, 0, 26-Aug-2015-17-43
1440600254844, 91, 0, 26-Aug-2015-17-44
1440600314845, 91, 3, 26-Aug-2015-17-45
1440600374845, 93, 1, 26-Aug-2015-17-46
1440600434846, 90, 0, 26-Aug-2015-17-47
1440600494846, 90, 0, 26-Aug-2015-17-48
1440600554846, 87, 1, 26-Aug-2015-17-49
1440600614847, 80, 0, 26-Aug-2015-17-50
1440600674847, 84, 0, 26-Aug-2015-17-51
1440600734848, 83, 1, 26-Aug-2015-17-52
1440600794848, 84, 2, 26-Aug-2015-17-53
1440600854849, 85, 1, 26-Aug-2015-17-54
1440600914849, 84, 0, 26-Aug-2015-17-55
1440600974849, 80, 1, 26-Aug-2015-17-56
1440601034849, 80, 0, 26-Aug-2015-17-57
1440601094849, 79, 0, 26-Aug-2015-17-58
1440601154850, 82, 0, 26-Aug-2015-17-59
1440601214850, 85, 0, 26-Aug-2015-18-00
1440601274851, 87, 3, 26-Aug-2015-18-01
1440601334851, 92, 2, 26-Aug-2015-18-02
1440601394852, 90, 2, 26-Aug-2015-18-03
1440601454852, 88, 2, 26-Aug-2015-18-04
1440601514852, 90, 2, 26-Aug-2015-18-05
1440601574853, 93, 1, 26-Aug-2015-18-06
1440601634853, 97, 0, 26-Aug-2015-18-07
1440601694854, 94, 0, 26-Aug-2015-18-08
1440601754854, 94, 2, 26-Aug-2015-18-09
1440601814855, 99, 2, 26-Aug-2015-18-10
1440601874855, 101, 0, 26-Aug-2015-18-11
1440601934855, 102, 1, 26-Aug-2015-18-12
1440601994856, 101, 1, 26-Aug-2015-18-13
1440602054856, 96, 0, 26-Aug-2015-18-14
1440602114857, 91, 1, 26-Aug-2015-18-15
1440602174857, 89, 1, 26-Aug-2015-18-16
1440602234858, 85, 1, 26-Aug-2015-18-17
1440602294858, 83, 0, 26-Aug-2015-18-18
1440602354858, 84, 0, 26-Aug-2015-18-19
1440602414859, 82, 1, 26-Aug-2015-18-20
1440602474859, 80, 1, 26-Aug-2015-18-21
1440602534860, 82, 1, 26-Aug-2015-18-22
1440602594860, 84, 1, 26-Aug-2015-18-23
1440602654861, 83, 2, 26-Aug-2015-18-24
1440602714861, 84, 1, 26-Aug-2015-18-25
1440602774861, 86, 2, 26-Aug-2015-18-26
1440602834862, 87, 0, 26-Aug-2015-18-27
1440602894862, 84, 1, 26-Aug-2015-18-28
1440602954863, 84, 0, 26-Aug-2015-18-29
1440603014863, 92, 0, 26-Aug-2015-18-30
1440603074864, 96, 1, 26-Aug-2015-18-31
1440603134864, 98, 0, 26-Aug-2015-18-32
1440603194864, 98, 1, 26-Aug-2015-18-33
1440603254865, 101, 3, 26-Aug-2015-18-34
1440603314865, 101, 0, 26-Aug-2015-18-35
1440603374866, 103, 2, 26-Aug-2015-18-36
1440603434866, 101, 0, 26-Aug-2015-18-37
1440603494867, 97, 0, 26-Aug-2015-18-38
1440603554867, 96, 0, 26-Aug-2015-18-39
1440603614867, 92, 0, 26-Aug-2015-18-40
1440603674867, 95, 3, 26-Aug-2015-18-41
1440603734867, 96, 0, 26-Aug-2015-18-42
1440603794868, 97, 1, 26-Aug-2015-18-43
1440603854868, 100, 0, 26-Aug-2015-18-44
1440603914869, 95, 1, 26-Aug-2015-18-45
1440603974869, 92, 3, 26-Aug-2015-18-46
1440604034870, 96, 0, 26-Aug-2015-18-47
1440604094870, 98, 0, 26-Aug-2015-18-48
1440604154870, 97, 1, 26-Aug-2015-18-49
1440604214871, 96, 1, 26-Aug-2015-18-50
1440604274871, 97, 1, 26-Aug-2015-18-51
1440604334872, 100, 0, 26-Aug-2015-18-52
1440604394872, 106, 2, 26-Aug-2015-18-53
1440604454873, 109, 0, 26-Aug-2015-18-54
1440604514873, 110, 3, 26-Aug-2015-18-55
1440604574873, 106, 2, 26-Aug-2015-18-56
1440604634874, 109, 0, 26-Aug-2015-18-57
1440604694874, 114, 1, 26-Aug-2015-18-58
1440604754875, 110, 3, 26-Aug-2015-18-59
1440604814875, 107, 4, 26-Aug-2015-19-00
1440604874876, 106, 5, 26-Aug-2015-19-01
1440604934876, 108, 2, 26-Aug-2015-19-02
1440604994876, 105, 0, 26-Aug-2015-19-03
1440605054877, 103, 0, 26-Aug-2015-19-04
1440605114877, 104, 3, 26-Aug-2015-19-05
1440605174878, 100, 5, 26-Aug-2015-19-06
1440605234878, 93, 0, 26-Aug-2015-19-07
1440605294879, 94, 0, 26-Aug-2015-19-08
1440605354879, 93, 0, 26-Aug-2015-19-09
1440605414879, 89, 4, 26-Aug-2015-19-10
1440605474880, 87, 1, 26-Aug-2015-19-11
1440605534880, 85, 0, 26-Aug-2015-19-12
1440605594881, 84, 1, 26-Aug-2015-19-13
1440605654881, 89, 0, 26-Aug-2015-19-14
1440605714882, 92, 1, 26-Aug-2015-19-15
1440605774882, 92, 0, 26-Aug-2015-19-16
1440605834882, 90, 1, 26-Aug-2015-19-17
1440605894883, 91, 0, 26-Aug-2015-19-18
1440605954883, 94, 2, 26-Aug-2015-19-19
1440606014884, 92, 0, 26-Aug-2015-19-20
1440606074884, 91, 1, 26-Aug-2015-19-21
1440606134885, 91, 0, 26-Aug-2015-19-22
1440606194885, 88, 1, 26-Aug-2015-19-23
1440606254885, 89, 1, 26-Aug-2015-19-24
1440606314885, 92, 0, 26-Aug-2015-19-25
1440606374886, 96, 1, 26-Aug-2015-19-26
1440606434887, 98, 0, 26-Aug-2015-19-27
1440606494887, 98, 0, 26-Aug-2015-19-28
1440606554888, 93, 0, 26-Aug-2015-19-29
1440606614888, 91, 2, 26-Aug-2015-19-30
1440606674889, 91, 4, 26-Aug-2015-19-31
1440606734889, 94, 0, 26-Aug-2015-19-32
1440606794890, 95, 1, 26-Aug-2015-19-33
1440606854891, 95, 0, 26-Aug-2015-19-34
1440606914891, 98, 0, 26-Aug-2015-19-35
1440606974892, 92, 1, 26-Aug-2015-19-36
1440607034892, 93, 4, 26-Aug-2015-19-37
1440607094893, 98, 1, 26-Aug-2015-19-38
1440607154893, 99, 0, 26-Aug-2015-19-39
1440607214893, 102, 1, 26-Aug-2015-19-40
1440607274894, 100, 0, 26-Aug-2015-19-41
1440607334894, 99, 0, 26-Aug-2015-19-42
1440607394895, 100, 0, 26-Aug-2015-19-43
1440607454895, 95, 1, 26-Aug-2015-19-44
1440607514896, 97, 1, 26-Aug-2015-19-45
1440607574896, 90, 2, 26-Aug-2015-19-46
1440607634896, 91, 0, 26-Aug-2015-19-47
1440607694897, 88, 2, 26-Aug-2015-19-48
1440607754897, 84, 0, 26-Aug-2015-19-49
1440607814898, 86, 2, 26-Aug-2015-19-50
1440607874898, 86, 2, 26-Aug-2015-19-51
1440607934899, 87, 0, 26-Aug-2015-19-52
1440607994899, 81, 1, 26-Aug-2015-19-53
1440608054899, 86, 0, 26-Aug-2015-19-54
1440608114900, 91, 0, 26-Aug-2015-19-55
1440608174900, 91, 1, 26-Aug-2015-19-56
1440608234901, 94, 0, 26-Aug-2015-19-57
1440608294901, 92, 3, 26-Aug-2015-19-58
1440608354902, 90, 1, 26-Aug-2015-19-59
1440608414902, 92, 0, 26-Aug-2015-20-00
1440608474902, 94, 5, 26-Aug-2015-20-01
1440608534902, 93, 2, 26-Aug-2015-20-02
1440608594902, 88, 1, 26-Aug-2015-20-03
1440608654903, 89, 1, 26-Aug-2015-20-04
1440608714903, 88, 2, 26-Aug-2015-20-05
1440608774904, 85, 1, 26-Aug-2015-20-06
1440608834904, 91, 2, 26-Aug-2015-20-07
1440608894904, 93, 0, 26-Aug-2015-20-08
1440608954904, 89, 0, 26-Aug-2015-20-09
1440609014904, 86, 1, 26-Aug-2015-20-10
1440609074905, 83, 1, 26-Aug-2015-20-11
1440609134905, 85, 0, 26-Aug-2015-20-12
1440609194906, 86, 1, 26-Aug-2015-20-13
1440609254906, 85, 0, 26-Aug-2015-20-14
1440609314907, 87, 1, 26-Aug-2015-20-15
1440609374907, 85, 3, 26-Aug-2015-20-16
1440609434907, 88, 1, 26-Aug-2015-20-17
1440609494908, 89, 1, 26-Aug-2015-20-18
1440609554908, 81, 0, 26-Aug-2015-20-19
1440609614909, 80, 1, 26-Aug-2015-20-20
1440609674909, 87, 2, 26-Aug-2015-20-21
1440609734910, 85, 0, 26-Aug-2015-20-22
1440609794910, 86, 0, 26-Aug-2015-20-23
1440609854910, 84, 0, 26-Aug-2015-20-24
1440609914911, 83, 0, 26-Aug-2015-20-25
1440609974911, 82, 0, 26-Aug-2015-20-26
1440610034912, 82, 0, 26-Aug-2015-20-27
1440610094912, 82, 1, 26-Aug-2015-20-28
1440610154913, 83, 3, 26-Aug-2015-20-29
1440610214913, 84, 1, 26-Aug-2015-20-30
1440610274913, 90, 2, 26-Aug-2015-20-31
1440610334914, 87, 1, 26-Aug-2015-20-32
1440610394914, 94, 0, 26-Aug-2015-20-33
1440610454915, 99, 1, 26-Aug-2015-20-34
1440610514915, 102, 0, 26-Aug-2015-20-35
1440610574916, 96, 0, 26-Aug-2015-20-36
1440610634916, 100, 0, 26-Aug-2015-20-37
1440610694916, 99, 0, 26-Aug-2015-20-38
1440610754917, 100, 1, 26-Aug-2015-20-39
1440610814917, 101, 1, 26-Aug-2015-20-40
1440610874918, 103, 0, 26-Aug-2015-20-41
1440610934918, 100, 0, 26-Aug-2015-20-42
1440610994919, 102, 1, 26-Aug-2015-20-43
1440611054919, 98, 0, 26-Aug-2015-20-44
1440611114919, 97, 0, 26-Aug-2015-20-45
1440611174920, 95, 4, 26-Aug-2015-20-46
1440611234920, 94, 1, 26-Aug-2015-20-47
1440611294921, 88, 0, 26-Aug-2015-20-48
1440611354921, 87, 1, 26-Aug-2015-20-49
1440611414922, 85, 1, 26-Aug-2015-20-50
1440611474922, 85, 1, 26-Aug-2015-20-51
1440611534922, 83, 1, 26-Aug-2015-20-52
1440611594922, 80, 0, 26-Aug-2015-20-53
1440611654922, 82, 1, 26-Aug-2015-20-54
1440611714923, 85, 2, 26-Aug-2015-20-55
1440611774923, 86, 0, 26-Aug-2015-20-56
1440611834924, 87, 0, 26-Aug-2015-20-57
1440611894924, 89, 1, 26-Aug-2015-20-58
1440611954925, 95, 0, 26-Aug-2015-20-59
1440612014925, 94, 2, 26-Aug-2015-21-00
1440612074925, 90, 1, 26-Aug-2015-21-01
1440612134926, 89, 1, 26-Aug-2015-21-02
1440612194926, 92, 0, 26-Aug-2015-21-03
1440612254927, 92, 1, 26-Aug-2015-21-04
1440612314927, 97, 1, 26-Aug-2015-21-05
1440612374928, 102, 2, 26-Aug-2015-21-06
1440612434928, 102, 0, 26-Aug-2015-21-07
1440612494928, 102, 1, 26-Aug-2015-21-08
1440612554929, 106, 0, 26-Aug-2015-21-09
1440612614929, 101, 1, 26-Aug-2015-21-10
1440612674930, 100, 2, 26-Aug-2015-21-11
1440612734930, 102, 0, 26-Aug-2015-21-12
1440612794931, 103, 1, 26-Aug-2015-21-13
1440612854931, 99, 0, 26-Aug-2015-21-14
1440612914931, 100, 1, 26-Aug-2015-21-15
1440612974932, 98, 2, 26-Aug-2015-21-16
1440613034932, 95, 0, 26-Aug-2015-21-17
1440613094933, 94, 0, 26-Aug-2015-21-18
1440613154933, 90, 1, 26-Aug-2015-21-19
1440613214934, 90, 2, 26-Aug-2015-21-20
1440613274934, 90, 1, 26-Aug-2015-21-21
1440613334934, 86, 1, 26-Aug-2015-21-22
1440613394935, 88, 1, 26-Aug-2015-21-23
1440613454935, 88, 0, 26-Aug-2015-21-24
1440613514936, 86, 0, 26-Aug-2015-21-25
1440613574936, 88, 0, 26-Aug-2015-21-26
1440613634937, 87, 1, 26-Aug-2015-21-27
1440613694937, 86, 0, 26-Aug-2015-21-28
1440613754937, 91, 1, 26-Aug-2015-21-29
1440613814938, 94, 2, 26-Aug-2015-21-30
1440613874938, 94, 3, 26-Aug-2015-21-31
1440613934939, 95, 0, 26-Aug-2015-21-32
1440613994939, 97, 1, 26-Aug-2015-21-33
1440614054940, 95, 0, 26-Aug-2015-21-34
1440614114940, 95, 0, 26-Aug-2015-21-35
1440614174940, 94, 0, 26-Aug-2015-21-36
1440614234940, 97, 0, 26-Aug-2015-21-37
1440614294940, 100, 1, 26-Aug-2015-21-38
1440614354941, 99, 0, 26-Aug-2015-21-39
1440614414941, 96, 1, 26-Aug-2015-21-40
1440614474942, 99, 1, 26-Aug-2015-21-41
1440614534942, 100, 0, 26-Aug-2015-21-42
1440614594943, 97, 0, 26-Aug-2015-21-43
1440614654943, 92, 1, 26-Aug-2015-21-44
1440614714943, 90, 2, 26-Aug-2015-21-45
1440614774944, 88, 2, 26-Aug-2015-21-46
1440614834944, 86, 1, 26-Aug-2015-21-47
1440614894945, 89, 0, 26-Aug-2015-21-48
1440614954945, 89, 0, 26-Aug-2015-21-49
1440615014946, 92, 1, 26-Aug-2015-21-50
1440615074946, 95, 2, 26-Aug-2015-21-51
1440615134946, 91, 0, 26-Aug-2015-21-52
1440615194947, 90, 1, 26-Aug-2015-21-53
1440615254947, 89, 0, 26-Aug-2015-21-54
1440615314948, 91, 1, 26-Aug-2015-21-55
1440615374948, 91, 0, 26-Aug-2015-21-56
1440615434949, 95, 1, 26-Aug-2015-21-57
1440615494949, 96, 0, 26-Aug-2015-21-58
1440615554949, 99, 0, 26-Aug-2015-21-59
1440615614950, 100, 0, 26-Aug-2015-22-00
1440615674950, 102, 3, 26-Aug-2015-22-01
1440615734951, 106, 2, 26-Aug-2015-22-02
1440615794951, 109, 1, 26-Aug-2015-22-03
1440615854952, 111, 0, 26-Aug-2015-22-04
1440615914952, 107, 1, 26-Aug-2015-22-05
1440615974952, 100, 1, 26-Aug-2015-22-06
1440616034953, 105, 1, 26-Aug-2015-22-07
1440616094953, 101, 0, 26-Aug-2015-22-08
1440616154954, 104, 1, 26-Aug-2015-22-09
1440616214954, 107, 2, 26-Aug-2015-22-10
1440616274955, 104, 2, 26-Aug-2015-22-11
1440616334955, 105, 0, 26-Aug-2015-22-12
1440616394955, 105, 0, 26-Aug-2015-22-13
1440616454956, 101, 0, 26-Aug-2015-22-14
1440616514956, 97, 0, 26-Aug-2015-22-15
1440616574957, 96, 0, 26-Aug-2015-22-16
1440616634958, 97, 0, 26-Aug-2015-22-17
1440616694959, 96, 1, 26-Aug-2015-22-18
1440616754959, 95, 1, 26-Aug-2015-22-19
1440616814959, 98, 0, 26-Aug-2015-22-20
1440616874959, 98, 0, 26-Aug-2015-22-21
1440616934959, 99, 0, 26-Aug-2015-22-22
1440616994960, 107, 1, 26-Aug-2015-22-23
1440617054960, 105, 0, 26-Aug-2015-22-24
1440617114961, 101, 2, 26-Aug-2015-22-25
1440617174961, 96, 1, 26-Aug-2015-22-26
1440617234962, 96, 0, 26-Aug-2015-22-27
1440617294962, 98, 0, 26-Aug-2015-22-28
1440617354962, 97, 0, 26-Aug-2015-22-29
1440617414963, 105, 3, 26-Aug-2015-22-30
1440617474963, 108, 3, 26-Aug-2015-22-31
1440617534964, 105, 0, 26-Aug-2015-22-32
1440617594964, 106, 2, 26-Aug-2015-22-33
1440617654965, 111, 1, 26-Aug-2015-22-34
1440617714965, 112, 1, 26-Aug-2015-22-35
1440617774965, 109, 2, 26-Aug-2015-22-36
1440617834966, 104, 1, 26-Aug-2015-22-37
1440617894966, 104, 0, 26-Aug-2015-22-38
1440617954967, 104, 1, 26-Aug-2015-22-39
1440618014967, 107, 0, 26-Aug-2015-22-40
1440618074968, 112, 1, 26-Aug-2015-22-41
1440618134968, 110, 1, 26-Aug-2015-22-42
1440618194968, 110, 0, 26-Aug-2015-22-43
1440618254969, 108, 1, 26-Aug-2015-22-44
1440618314969, 105, 2, 26-Aug-2015-22-45
1440618374970, 103, 0, 26-Aug-2015-22-46
1440618434970, 102, 0, 26-Aug-2015-22-47
1440618494971, 101, 0, 26-Aug-2015-22-48
1440618554971, 99, 0, 26-Aug-2015-22-49
1440618614971, 102, 1, 26-Aug-2015-22-50
1440618674972, 103, 0, 26-Aug-2015-22-51
1440618734972, 100, 0, 26-Aug-2015-22-52
1440618794973, 97, 0, 26-Aug-2015-22-53
1440618854973, 92, 0, 26-Aug-2015-22-54
1440618914974, 97, 0, 26-Aug-2015-22-55
1440618974974, 102, 0, 26-Aug-2015-22-56
1440619034974, 94, 0, 26-Aug-2015-22-57
1440619094975, 93, 0, 26-Aug-2015-22-58
1440619154975, 97, 0, 26-Aug-2015-22-59
1440619214976, 92, 1, 26-Aug-2015-23-00
1440619274976, 94, 4, 26-Aug-2015-23-01
1440619334977, 95, 0, 26-Aug-2015-23-02
1440619394977, 92, 1, 26-Aug-2015-23-03
1440619454977, 93, 2, 26-Aug-2015-23-04
1440619514977, 99, 2, 26-Aug-2015-23-05
1440619574977, 96, 1, 26-Aug-2015-23-06
1440619634978, 95, 2, 26-Aug-2015-23-07
1440619694978, 94, 1, 26-Aug-2015-23-08
1440619754979, 95, 0, 26-Aug-2015-23-09
1440619814979, 93, 4, 26-Aug-2015-23-10
1440619874980, 87, 2, 26-Aug-2015-23-11
1440619934980, 88, 2, 26-Aug-2015-23-12
1440619994980, 86, 0, 26-Aug-2015-23-13
1440620054981, 89, 0, 26-Aug-2015-23-14
1440620114981, 91, 2, 26-Aug-2015-23-15
1440620174982, 99, 0, 26-Aug-2015-23-16
1440620234982, 95, 1, 26-Aug-2015-23-17
1440620294983, 99, 0, 26-Aug-2015-23-18
1440620354983, 95, 0, 26-Aug-2015-23-19
1440620414983, 98, 0, 26-Aug-2015-23-20
1440620474984, 100, 0, 26-Aug-2015-23-21
1440620534984, 97, 0, 26-Aug-2015-23-22
1440620594985, 97, 0, 26-Aug-2015-23-23
1440620654985, 96, 0, 26-Aug-2015-23-24
1440620714986, 97, 1, 26-Aug-2015-23-25
1440620774986, 94, 0, 26-Aug-2015-23-26
1440620834986, 95, 0, 26-Aug-2015-23-27
1440620894987, 98, 0, 26-Aug-2015-23-28
1440620954987, 92, 0, 26-Aug-2015-23-29
1440621014988, 89, 1, 26-Aug-2015-23-30
1440621074988, 88, 1, 26-Aug-2015-23-31
1440621134989, 90, 1, 26-Aug-2015-23-32
1440621194989, 89, 0, 26-Aug-2015-23-33
1440621254989, 88, 0, 26-Aug-2015-23-34
1440621314990, 91, 3, 26-Aug-2015-23-35
1440621374990, 90, 2, 26-Aug-2015-23-36
1440621434991, 92, 0, 26-Aug-2015-23-37
1440621494991, 90, 0, 26-Aug-2015-23-38
1440621554992, 91, 0, 26-Aug-2015-23-39
1440621614992, 95, 0, 26-Aug-2015-23-40
1440621674992, 92, 0, 26-Aug-2015-23-41
1440621734993, 94, 0, 26-Aug-2015-23-42
1440621794993, 96, 2, 26-Aug-2015-23-43
1440621854994, 95, 0, 26-Aug-2015-23-44
1440621914994, 94, 2, 26-Aug-2015-23-45
1440621974995, 94, 0, 26-Aug-2015-23-46
1440622034995, 88, 0, 26-Aug-2015-23-47
1440622094995, 85, 0, 26-Aug-2015-23-48
1440622154995, 88, 0, 26-Aug-2015-23-49
1440622214995, 85, 0, 26-Aug-2015-23-50
1440622274996, 89, 0, 26-Aug-2015-23-51
1440622334996, 88, 0, 26-Aug-2015-23-52
1440622394997, 92, 0, 26-Aug-2015-23-53
1440622454997, 94, 0, 26-Aug-2015-23-54
1440622514998, 94, 0, 26-Aug-2015-23-55
1440622574998, 94, 0, 26-Aug-2015-23-56
1440622634998, 89, 0, 26-Aug-2015-23-57
1440622694999, 91, 1, 26-Aug-2015-23-58
1440622754999, 94, 0, 26-Aug-2015-23-59
1440622815000, 93, 2, 27-Aug-2015-00-00
1440622875000, 91, 2, 27-Aug-2015-00-01
1440622935001, 90, 3, 27-Aug-2015-00-02
1440622995001, 90, 1, 27-Aug-2015-00-03
1440623055001, 91, 1, 27-Aug-2015-00-04
1440623115002, 90, 0, 27-Aug-2015-00-05
1440623175002, 89, 0, 27-Aug-2015-00-06
1440623235003, 86, 1, 27-Aug-2015-00-07
1440623295003, 89, 0, 27-Aug-2015-00-08
1440623355004, 87, 0, 27-Aug-2015-00-09
1440623415004, 85, 1, 27-Aug-2015-00-10
1440623475004, 87, 0, 27-Aug-2015-00-11
1440623535005, 87, 0, 27-Aug-2015-00-12
1440623595005, 85, 0, 27-Aug-2015-00-13
1440623655006, 84, 0, 27-Aug-2015-00-14
1440623715006, 84, 1, 27-Aug-2015-00-15
1440623775007, 87, 0, 27-Aug-2015-00-16
1440623835007, 87, 0, 27-Aug-2015-00-17
1440623895008, 87, 0, 27-Aug-2015-00-18
1440623955008, 86, 0, 27-Aug-2015-00-19
1440624015009, 83, 0, 27-Aug-2015-00-20
1440624075009, 78, 0, 27-Aug-2015-00-21
1440624135009, 78, 1, 27-Aug-2015-00-22
1440624195010, 76, 1, 27-Aug-2015-00-23
1440624255010, 77, 0, 27-Aug-2015-00-24
1440624315011, 74, 1, 27-Aug-2015-00-25
1440624375011, 75, 0, 27-Aug-2015-00-26
1440624435012, 76, 0, 27-Aug-2015-00-27
1440624495012, 78, 1, 27-Aug-2015-00-28
1440624555012, 73, 1, 27-Aug-2015-00-29
1440624615013, 73, 0, 27-Aug-2015-00-30
1440624675013, 74, 0, 27-Aug-2015-00-31
1440624735014, 77, 0, 27-Aug-2015-00-32
